73 260 1360 206 
23 68 978 4 376 45 
3 8 671 
378 2 22 
480 199 588 43 
354 0 234 1341 352 82 823 
78 175 323 
554 46 935 338 28 840 191 102 2 473 89 304 69 1270 130 45 
25 165 
3 37 
9 1340 
144 833 104 1408 860 437 124 1177 954 808 790 110 5 204 151 1267 300 147 295 72 251 
13 495 41 220 283 51 906 229 868 231 493 805 168 38 
716 160 72 177 
13 19 127 128 43 64 137 730 1170 3 142 22 33 20 29 
1095 1078 34 265 
68 867 45 
125 1131 974 1012 151 5 120 
1305 248 23 568 677 443 806 310 
0 125 61 
27 158 608 
47 236 14 536 139 
228 276 106 394 1 1228 635 89 1314 146 39 131 9 164 423 26 320 
52 203 122 1081 1350 
30 166 929 519 340 277 51 5 
1146 326 18 766 670 369 53 758 272 65 74 205 120 
740 1249 202 1290 772 944 1346 603 1092 1279 1349 577 214 522 
483 799 1248 162 350 1147 1370 1190 
3 25 
47 1303 774 0 850 648 43 1070 1093 15 
117 459 11 154 66 34 1001 37 190 64 76 404 9 224 1209 832 
24 292 53 17 793 531 96 
698 249 28 656 7 858 310 
761 1230 318 601 282 1079 
961 25 2 82 103 348 
1282 667 60 1367 1 401 555 847 
1028 1130 15 
397 328 
934 13 60 
3 121 243 
1127 26 2 6 
338 701 693 1159 1323 17 3 783 202 976 1321 
516 1277 125 830 14 1094 128 1 51 1067 664 17 61 82 262 995 
322 1276 1269 419 
128 1 1030 2 
0 1244 23 335 146 1420 45 
595 1 274 1355 97 315 113 12 22 321 
281 67 768 157 93 110 711 5 
1369 560 686 
56 1205 81 49 158 815 8 
178 685 367 1240 329 673 827 5 12 207 593 
1352 147 28 1264 59 205 622 372 2 297 1234 1342 532 1375 63 256 
747 1354 
10 16 7 
1149 733 368 267 6 
1378 749 365 0 23 186 45 
19 0 10 32 16 7 
523 1 102 88 9 1196 
190 862 786 
55 374 161 2 1038 209 288 149 96 
1171 287 119 366 53 
73 260 206 
534 513 14 511 936 375 1163 277 994 79 498 53 63 551 
84 1339 599 46 
126 204 1019 275 
1041 57 41 647 29 969 33 
347 6 106 825 99 1313 359 540 1331 14 179 960 298 8 5 1138 
30 84 
13 19 916 31 591 39 16 1034 7 80 44 88 
1087 143 10 7 16 140 550 763 
339 
36 40 
1085 55 57 94 479 967 683 29 149 
126 223 715 946 893 1273 74 133 44 
692 74 138 1009 
4 83 
24 6 1407 18 177 1 1347 91 108 605 294 373 141 217 9 101 44 98 25 184 93 31 
928 285 34 10 119 405 579 1214 65 391 449 
41 373 176 351 1160 2 1382 38 
371 278 632 6 87 301 1036 1272 59 137 999 843 230 263 
515 385 589 1077 283 132 62 655 1387 65 9 835 1394 
47 1231 82 8 392 
770 185 60 6 1 98 
1058 94 1194 253 
30 333 183 24 0 86 1 48 51 21 27 76 38 105 356 
138 552 1135 1083 87 1222 4 187 154 
174 144 299 518 985 156 210 39 179 87 8 5 319 
94 235 87 5 120 
1060 925 8 
812 386 215 58 947 248 59 797 739 210 202 
1005 232 360 
233 2 
3 1299 
0 1 145 1031 32 
334 1400 1328 386 983 1173 340 337 397 17 98 908 201 110 66 5 90 
491 184 2 651 
690 
1 1168 736 8 996 
127 1266 1292 18 1174 145 9 139 17 455 88 1202 3 343 1219 4 95 268 42 
520 1253 939 984 1145 1068 156 270 319 
354 1101 351 29 17 1139 3 15 
30 332 132 1192 5 370 
55 927 50 0 28 1207 266 844 240 778 3 609 42 1336 
694 488 324 489 100 4 172 21 52 687 1128 1395 217 208 109 187 496 336 989 270 852 149 
55 56 103 60 395 714 18 1154 726 229 53 200 245 1054 4 96 
185 627 17 723 92 376 
1100 19 32 122 7 24 322 8 
972 21 820 3 
1193 11 183 367 0 191 64 27 76 95 
535 125 72 629 164 323 122 592 4 1148 321 379 
1119 1158 105 877 1106 596 0 1293 548 115 765 1398 1376 
23 987 8 744 
1258 1302 1410 211 6 326 634 346 807 538 1320 1218 558 530 9 1059 641 
0 72 1239 201 
30 546 646 0 134 732 186 
24 502 606 118 777 255 30 1199 975 676 89 846 38 1399 90 64 11 132 849 54 1039 93 
73 8 1188 674 
1071 803 
273 353 
24 305 988 0 28 923 845 1217 71 32 4 
126 494 107 31 662 2 39 1091 1251 
31 507 645 44 26 153 
1215 333 18 306 
178 22 328 1026 
223 1345 331 1329 292 68 598 1008 958 3 4 
1191 123 191 1364 875 
29 948 363 9 362 
484 241 430 937 39 492 245 22 101 932 42 
174 135 6 625 219 585 968 148 317 
639 60 33 207 17 272 201 173 1257 931 
1187 1061 35 
1025 331 239 
1064 1024 
273 353 
167 1268 358 81 990 1042 102 240 1002 910 525 173 79 346 100 1300 1224 
13 991 18 2 288 665 1327 180 838 143 31 421 16 7 80 5 55 209 447 161 56 10 
393 10 16 7 
23 129 365 0 69 382 940 68 3 9 12 
46 621 874 563 22 69 
53 388 96 
4 8 1301 83 39 25 113 227 5 63 
1319 992 8 226 
666 24 104 0 1 1306 304 
643 19 138 1307 20 268 920 
668 141 575 309 160 497 289 39 1052 970 114 1075 26 787 
63 
409 0 37 3 221 4 
21 313 1 366 48 134 38 140 466 
945 279 952 607 139 742 150 22 392 
899 308 626 1229 1133 1223 
84 134 
75 
1310 194 67 39 363 
247 1037 84 
30 463 316 220 168 861 1099 238 979 
21 193 111 909 
526 19 1242 170 32 7 3 
13 111 706 713 953 37 557 170 792 22 1 200 
1334 58 290 138 345 372 32 7 942 1371 
1051 19 1124 257 873 887 131 724 20 1368 50 
3 445 1372 136 
86 116 11 1208 
159 154 95 34 904 85 
23 720 58 91 203 17 1062 1181 93 92 337 15 
389 795 19 1411 1 545 3 578 20 15 
49 67 
385 
335 146 
680 13 8 19 174 425 7 1132 163 556 2 16 82 123 80 152 438 842 
347 6 1362 181 623 
113 13 83 
6 2 33 1243 186 1227 1 16 7 80 26 57 19 737 71 58 89 9 42 47 256 12 
0 1245 11 1403 20 
1363 141 
27 250 90 197 
247 32 1238 293 239 
597 6 34 1018 222 400 73 914 49 143 59 1412 1184 300 196 460 42 46 249 179 62 784 
142 216 1260 20 1275 
1233 1283 34 209 148 
11 892 112 824 750 856 296 993 741 1102 27 684 4 33 130 42 
81 10 973 16 7 317 
831 982 290 478 31 325 67 118 1096 1274 190 298 362 721 
258 303 
461 1405 922 171 869 1388 1035 1295 
28 705 628 130 
285 119 10 163 115 65 34 
43 136 15 
24 46 286 1 396 296 403 1004 
215 11 672 657 
155 169 1157 1107 1288 600 885 804 582 
361 829 
183 50 27 1281 301 490 168 188 481 238 748 232 
287 97 341 
37 1 757 1383 
121 243 135 35 6 28 855 696 47 23 17 131 70 567 93 689 95 90 22 
1312 29 3 70 1066 407 
1263 
182 1032 539 1023 612 264 269 101 505 583 1105 729 352 170 691 1419 12 866 1289 356 45 
308 129 
697 1172 62 
1409 2 29 1317 1049 485 
21 134 1113 188 1315 12 116 
3 15 17 25 
2 1098 
29 1374 1140 
408 4 75 
54 450 14 28 252 18 2 399 1179 38 12 8 782 
200 50 269 28 360 1006 48 399 1359 38 140 22 5 75 1390 
389 780 384 456 18 330 816 508 699 
58 0 302 145 791 23 284 826 3 
13 124 1013 2 162 350 
8 471 1379 1221 675 113 1250 3 142 22 230 15 
176 279 381 871 1141 48 271 38 65 12 472 
859 305 504 818 1136 18 40 36 879 
1333 33 1322 344 52 2 43 19 66 20 15 
1120 653 343 810 
1261 9 
105 695 20 
182 891 374 710 390 
361 708 
175 734 
1167 115 1254 755 
848 393 203 142 103 152 1326 
307 293 762 1200 1175 1050 221 986 966 1165 
77 0 10 99 
21 32 105 614 
712 34 743 257 435 470 4 282 1109 1134 1016 83 719 1142 242 26 13 881 911 254 45 147 264 297 1150 195 624 
0 77 99 
402 241 6 616 756 383 7 1186 78 74 
380 169 135 524 14 311 31 6 1161 324 355 62 109 44 1166 
35 1373 1089 1348 1197 586 
688 1318 457 574 
0 1337 24 
111 83 
71 115 
128 281 157 67 
839 
36 40 
888 10 152 16 7 604 80 348 
0 129 
1123 971 870 336 981 194 48 924 309 
169 276 70 357 26 
962 
13 764 789 259 541 9 118 122 753 458 1324 355 1143 
29 56 364 1344 
1118 172 997 118 1151 448 
121 0 107 26 8 75 
334 10 26 1108 157 110 907 
1169 37 767 1164 811 1129 103 
13 380 1361 211 14 261 18 903 1294 549 88 617 482 
11 420 112 738 252 529 7 424 853 
499 21 12 4 242 377 
189 35 25 
633 
1040 417 1384 34 18 87 864 4 222 211 1017 1365 85 27 341 100 943 187 11 5 250 12 225 
6 1406 18 39 358 207 33 837 49 52 91 17 85 41 218 1021 636 9 205 15 54 429 709 318 25 227 
76 194 1381 387 12 
302 1358 
375 294 1176 224 
176 11 572 14 1 52 1236 1074 5 
1396 3 745 514 136 15 
902 193 19 60 1285 1010 139 23 1007 216 631 3 12 20 58 15 
206 
569 1309 106 54 108 
681 19 61 14 0 99 18 2 259 29 16 79 7 12 20 
1014 312 315 951 31 327 1033 133 20 
487 1308 349 1211 1112 1330 198 70 
114 6 1125 1114 108 316 1416 
1144 349 0 160 97 775 654 91 106 454 59 325 1053 171 165 
77 172 771 1072 10 751 23 1203 
1332 
233 280 104 
117 156 226 50 75 
6 49 1080 196 131 25 476 
15 1356 6 
883 267 1280 1404 
402 794 
700 94 1297 195 660 184 63 
244 44 
0 27 4 76 
27 964 1401 957 79 728 306 
615 66 384 26 
13 124 1 344 48 91 1397 1259 210 17 465 637 15 33 1351 
167 1316 86 97 926 4 
1225 872 594 528 51 418 126 121 166 649 613 955 752 1286 5 1366 41 67 828 544 155 1291 933 332 801 
78 24 26 
36 40 
212 327 1044 150 4 159 1 897 474 1048 116 652 5 235 28 109 90 571 295 965 225 10 
41 11 167 64 246 602 432 
1235 396 776 175 938 192 123 120 
11 112 796 1 213 1097 1185 246 5 
47 959 950 2 658 189 533 1084 
1246 1116 1216 49 52 253 433 265 
854 800 329 1392 640 1255 884 1180 1237 244 1189 427 467 
36 40 
129 35 464 
370 379 
165 406 1056 
1357 611 921 359 644 638 1284 85 312 56 9 1121 254 411 462 1417 394 1076 1402 390 727 1152 949 661 
54 414 
817 1247 74 9 
117 159 98 30 
0 10 1069 61 
364 1082 342 
237 291 86 18 1311 43 78 4 330 44 
228 132 754 913 382 181 630 173 475 66 153 
56 299 1206 878 779 8 
204 97 619 
428 1122 14 199 918 
57 50 584 48 1047 38 140 33 
37 13 161 
54 2 
1153 819 1162 442 275 1029 
919 
1385 92 1027 
377 446 
527 896 894 85 
30 236 717 104 21 37 25 
111 32 81 0 570 1414 403 956 16 7 196 92 101 
102 21 114 
930 1210 1256 
36 40 
57 53 164 388 33 96 
1156 381 468 1 72 702 998 543 3 415 22 5 
980 1353 880 963 1287 587 1043 941 834 506 136 663 258 659 61 303 1126 84 1000 
127 94 27 452 68 108 62 857 413 1198 45 
313 21 977 339 
21 219 49 11 27 368 320 95 5 
1304 1111 155 274 1057 12 1415 
251 1015 
13 278 71 143 2 218 509 9 92 
77 193 900 781 1073 759 889 133 16 542 7 391 559 798 618 
31 512 2 199 561 43 214 
124 4 
255 208 291 841 
36 40 
47 451 28 188 436 61 25 123 50 
77 57 1090 6 0 10 1380 16 590 
760 357 
127 1338 46 286 444 314 261 234 1178 383 809 1377 63 1220 
166 1117 20 
307 1011 185 6 898 731 547 517 422 1232 1063 410 401 788 510 1088 1418 678 851 769 486 
114 378 2 171 735 
64 11 1389 35 1 679 1137 
180 14 71 10 163 181 148 51 130 
400 197 1386 79 4 1195 311 5 195 521 581 1183 117 89 208 100 42 725 1204 813 746 814 289 917 416 
4 387 342 
73 553 912 6 580 
150 564 503 192 116 
1296 1103 
86 1 398 266 718 109 4 5 
153 144 573 81 107 314 14 398 158 2 37 836 162 35 62 44 395 137 42 
280 895 434 34 722 1335 703 
11 112 565 1 1212 231 1104 
55 1055 35 566 1391 439 1271 198 1020 1241 1065 822 1226 1278 
46 1 213 284 12 69 
36 40 
212 141 
345 14 682 707 1325 262 404 192 890 
371 1045 
620 135 669 14 10 1265 51 576 1086 271 431 65 704 263 
36 40 
426 1110 1393 35 
1201 500 
41 412 1115 610 237 30 6 119 1213 886 151 32 1022 70 78 1003 1262 66 5 1182 
785 31 1413 197 915 876 189 863 
865 453 41 198 650 
882 52 369 133 88 43 4 137 901 
182 1298 46 440 821 17 12 3 773 1155 1252 1343 69 
24 107 1 59 642 
469 477 177 
11 180 802 501 537 178 562 905 441 1046 20 
